65
0 0 0
1 0 1
2 0 2
3 0 3
4 0 4
5 1 0
6 1 1
7 1 2
8 1 3
9 1 4
10 2 0
11 2 1
12 2 2
13 2 3
14 2 4
15 3 0
16 3 1
17 3 2
18 3 3
19 3 4
20 4 0
21 4 1
22 4 2
23 4 3
24 4 4
25 5 0
26 5 1
27 5 2
28 5 3
29 5 4
30 6 0
31 6 1
32 6 2
33 6 3
34 6 4
35 7 0
36 7 1
37 7 2
38 7 3
39 7 4
40 8 0
41 8 1
42 8 2
43 8 3
44 8 4
45 9 0
46 9 1
47 9 2
48 9 3
49 9 4
50 10 0
51 10 1
52 10 2
53 10 3
54 10 4
55 11 0
56 11 1
57 11 2
58 11 3
59 11 4
60 12 0
61 12 1
62 12 2
63 12 3
64 12 4
160
0 5
1 6
2 7
3 8
4 9
5 10
6 11
7 12
8 13
9 14
10 15
11 16
12 17
13 18
14 19
15 20
16 21
17 22
18 23
19 24
20 25
21 26
22 27
23 28
24 29
25 30
26 31
27 32
28 33
29 34
30 35
31 36
32 37
33 38
34 39
35 40
36 41
37 42
38 43
39 44
40 45
41 46
42 47
43 48
44 49
45 50
46 51
47 52
48 53
49 54
50 55
51 56
52 57
53 58
54 59
55 60
56 61
57 62
58 63
59 64
0 1
1 2
2 3
3 4
5 6
6 7
7 8
8 9
10 11
11 12
12 13
13 14
15 16
16 17
17 18
18 19
20 21
21 22
22 23
23 24
25 26
26 27
27 28
28 29
30 31
31 32
32 33
33 34
35 36
36 37
37 38
38 39
40 41
41 42
42 43
43 44
45 46
46 47
47 48
48 49
50 51
51 52
52 53
53 54
55 56
56 57
57 58
58 59
60 61
61 62
62 63
63 64
1 5
2 6
3 7
4 8
6 10
7 11
8 12
9 13
11 15
12 16
13 17
14 18
16 20
17 21
18 22
19 23
21 25
22 26
23 27
24 28
26 30
27 31
28 32
29 33
31 35
32 36
33 37
34 38
36 40
37 41
38 42
39 43
41 45
42 46
43 47
44 48
46 50
47 51
48 52
49 53
51 55
52 56
53 57
54 58
56 60
57 61
58 62
59 63
2
0 0 0
60 0 0
1
20 0 -1000000000
